
public static byte[] getFilledInMapInfoOrder(int leftOffset, int bottomOffset, int rightOffset, int topOffset){
	switch(leftOffset){
		case 0:
			switch(bottomOffset){
				case 0 : byte[] arr0 = {34,35,36,37,38,43,44,45,46,47,52,53,54,55,56,60,61,62,63,66,67,68}; return arr0;
				case 1 : byte[] arr1 = {33,34,35,36,37,38,42,43,44,45,46,47,51,52,53,54,55,56,59,60,61,62,63,65,66,67,68}; return arr1;
				case 2 : byte[] arr2 = {32,33,34,35,36,37,38,41,42,43,44,45,46,47,50,51,52,53,54,55,56,58,59,60,61,62,63,64,65,66,67,68}; return arr2;
				case 3 : byte[] arr3 = {31,32,33,34,35,36,37,38,40,41,42,43,44,45,46,47,49,50,51,52,53,54,55,56,57,58,59,60,61,62,63,64,65,66,67,68}; return arr3;
				case 4 : byte[] arr4 = {30,31,32,33,34,35,36,37,38,39,40,41,42,43,44,45,46,47,48,49,50,51,52,53,54,55,56,57,58,59,60,61,62,63,64,65,66,67,68}; return arr4;
			}
		case 1:
			switch(bottomOffset){
				case 0 : byte[] arr5 = {25,26,27,28,29,34,35,36,37,38,43,44,45,46,47,52,53,54,55,56,60,61,62,63,66,67,68}; return arr5;
				case 1 : byte[] arr6 = {24,25,26,27,28,29,33,34,35,36,37,38,42,43,44,45,46,47,51,52,53,54,55,56,59,60,61,62,63,65,66,67,68}; return arr6;
				case 2 : byte[] arr7 = {23,24,25,26,27,28,29,32,33,34,35,36,37,38,41,42,43,44,45,46,47,50,51,52,53,54,55,56,58,59,60,61,62,63,64,65,66,67,68}; return arr7;
				case 3 : byte[] arr8 = {22,23,24,25,26,27,28,29,31,32,33,34,35,36,37,38,40,41,42,43,44,45,46,47,49,50,51,52,53,54,55,56,57,58,59,60,61,62,63,64,65,66,67,68}; return arr8;
				case 4 : byte[] arr9 = {21,22,23,24,25,26,27,28,29,30,31,32,33,34,35,36,37,38,39,40,41,42,43,44,45,46,47,48,49,50,51,52,53,54,55,56,57,58,59,60,61,62,63,64,65,66,67,68}; return arr9;
			}
		case 2:
			switch(bottomOffset){
				case 0 : byte[] arr10 = {16,17,18,19,20,25,26,27,28,29,34,35,36,37,38,43,44,45,46,47,52,53,54,55,56,60,61,62,63,66,67,68}; return arr10;
				case 1 : byte[] arr11 = {15,16,17,18,19,20,24,25,26,27,28,29,33,34,35,36,37,38,42,43,44,45,46,47,51,52,53,54,55,56,59,60,61,62,63,65,66,67,68}; return arr11;
				case 2 : byte[] arr12 = {14,15,16,17,18,19,20,23,24,25,26,27,28,29,32,33,34,35,36,37,38,41,42,43,44,45,46,47,50,51,52,53,54,55,56,58,59,60,61,62,63,64,65,66,67,68}; return arr12;
				case 3 : byte[] arr13 = {13,14,15,16,17,18,19,20,22,23,24,25,26,27,28,29,31,32,33,34,35,36,37,38,40,41,42,43,44,45,46,47,49,50,51,52,53,54,55,56,57,58,59,60,61,62,63,64,65,66,67,68}; return arr13;
				case 4 : byte[] arr14 = {12,13,14,15,16,17,18,19,20,21,22,23,24,25,26,27,28,29,30,31,32,33,34,35,36,37,38,39,40,41,42,43,44,45,46,47,48,49,50,51,52,53,54,55,56,57,58,59,60,61,62,63,64,65,66,67,68}; return arr14;
			}
		case 3:
			switch(bottomOffset){
				case 0 : byte[] arr15 = {8,9,10,11,16,17,18,19,20,25,26,27,28,29,34,35,36,37,38,43,44,45,46,47,52,53,54,55,56,60,61,62,63,66,67,68}; return arr15;
				case 1 : byte[] arr16 = {7,8,9,10,11,15,16,17,18,19,20,24,25,26,27,28,29,33,34,35,36,37,38,42,43,44,45,46,47,51,52,53,54,55,56,59,60,61,62,63,65,66,67,68}; return arr16;
				case 2 : byte[] arr17 = {6,7,8,9,10,11,14,15,16,17,18,19,20,23,24,25,26,27,28,29,32,33,34,35,36,37,38,41,42,43,44,45,46,47,50,51,52,53,54,55,56,58,59,60,61,62,63,64,65,66,67,68}; return arr17;
				case 3 : byte[] arr18 = {5,6,7,8,9,10,11,13,14,15,16,17,18,19,20,22,23,24,25,26,27,28,29,31,32,33,34,35,36,37,38,40,41,42,43,44,45,46,47,49,50,51,52,53,54,55,56,57,58,59,60,61,62,63,64,65,66,67,68}; return arr18;
				case 4 : byte[] arr19 = {5,6,7,8,9,10,11,12,13,14,15,16,17,18,19,20,21,22,23,24,25,26,27,28,29,30,31,32,33,34,35,36,37,38,39,40,41,42,43,44,45,46,47,48,49,50,51,52,53,54,55,56,57,58,59,60,61,62,63,64,65,66,67,68}; return arr19;
			}
		case 4:
			switch(bottomOffset){
				case 0 : byte[] arr20 = {2,3,4,8,9,10,11,16,17,18,19,20,25,26,27,28,29,34,35,36,37,38,43,44,45,46,47,52,53,54,55,56,60,61,62,63,66,67,68}; return arr20;
				case 1 : byte[] arr21 = {1,2,3,4,7,8,9,10,11,15,16,17,18,19,20,24,25,26,27,28,29,33,34,35,36,37,38,42,43,44,45,46,47,51,52,53,54,55,56,59,60,61,62,63,65,66,67,68}; return arr21;
				case 2 : byte[] arr22 = {0,1,2,3,4,6,7,8,9,10,11,14,15,16,17,18,19,20,23,24,25,26,27,28,29,32,33,34,35,36,37,38,41,42,43,44,45,46,47,50,51,52,53,54,55,56,58,59,60,61,62,63,64,65,66,67,68}; return arr22;
				case 3 : byte[] arr23 = {0,1,2,3,4,5,6,7,8,9,10,11,13,14,15,16,17,18,19,20,22,23,24,25,26,27,28,29,31,32,33,34,35,36,37,38,40,41,42,43,44,45,46,47,49,50,51,52,53,54,55,56,57,58,59,60,61,62,63,64,65,66,67,68}; return arr23;
				case 4 : byte[] arr24 = {0,1,2,3,4,5,6,7,8,9,10,11,12,13,14,15,16,17,18,19,20,21,22,23,24,25,26,27,28,29,30,31,32,33,34,35,36,37,38,39,40,41,42,43,44,45,46,47,48,49,50,51,52,53,54,55,56,57,58,59,60,61,62,63,64,65,66,67,68}; return arr24;
			}
		}

	switch(rightOffset){
		case 0:
			switch(bottomOffset){
				case 0 : byte[] arr25 = {2,3,4,8,9,10,11,16,17,18,19,20,25,26,27,28,29,34,35,36,37,38}; return arr25;
				case 1 : byte[] arr26 = {1,2,3,4,7,8,9,10,11,15,16,17,18,19,20,24,25,26,27,28,29,33,34,35,36,37,38}; return arr26;
				case 2 : byte[] arr27 = {0,1,2,3,4,6,7,8,9,10,11,14,15,16,17,18,19,20,23,24,25,26,27,28,29,32,33,34,35,36,37,38}; return arr27;
				case 3 : byte[] arr28 = {0,1,2,3,4,5,6,7,8,9,10,11,13,14,15,16,17,18,19,20,22,23,24,25,26,27,28,29,31,32,33,34,35,36,37,38}; return arr28;
				case 4 : byte[] arr29 = {0,1,2,3,4,5,6,7,8,9,10,11,12,13,14,15,16,17,18,19,20,21,22,23,24,25,26,27,28,29,30,31,32,33,34,35,36,37,38}; return arr29;
			}
		case 1:
			switch(bottomOffset){
				case 0 : byte[] arr30 = {2,3,4,8,9,10,11,16,17,18,19,20,25,26,27,28,29,34,35,36,37,38,43,44,45,46,47}; return arr30;
				case 1 : byte[] arr31 = {1,2,3,4,7,8,9,10,11,15,16,17,18,19,20,24,25,26,27,28,29,33,34,35,36,37,38,42,43,44,45,46,47}; return arr31;
				case 2 : byte[] arr32 = {0,1,2,3,4,6,7,8,9,10,11,14,15,16,17,18,19,20,23,24,25,26,27,28,29,32,33,34,35,36,37,38,41,42,43,44,45,46,47}; return arr32;
				case 3 : byte[] arr33 = {0,1,2,3,4,5,6,7,8,9,10,11,13,14,15,16,17,18,19,20,22,23,24,25,26,27,28,29,31,32,33,34,35,36,37,38,40,41,42,43,44,45,46,47}; return arr33;
				case 4 : byte[] arr34 = {0,1,2,3,4,5,6,7,8,9,10,11,12,13,14,15,16,17,18,19,20,21,22,23,24,25,26,27,28,29,30,31,32,33,34,35,36,37,38,39,40,41,42,43,44,45,46,47}; return arr34;
			}
		case 2:
			switch(bottomOffset){
				case 0 : byte[] arr35 = {2,3,4,8,9,10,11,16,17,18,19,20,25,26,27,28,29,34,35,36,37,38,43,44,45,46,47,52,53,54,55,56}; return arr35;
				case 1 : byte[] arr36 = {1,2,3,4,7,8,9,10,11,15,16,17,18,19,20,24,25,26,27,28,29,33,34,35,36,37,38,42,43,44,45,46,47,51,52,53,54,55,56}; return arr36;
				case 2 : byte[] arr37 = {0,1,2,3,4,6,7,8,9,10,11,14,15,16,17,18,19,20,23,24,25,26,27,28,29,32,33,34,35,36,37,38,41,42,43,44,45,46,47,50,51,52,53,54,55,56}; return arr37;
				case 3 : byte[] arr38 = {0,1,2,3,4,5,6,7,8,9,10,11,13,14,15,16,17,18,19,20,22,23,24,25,26,27,28,29,31,32,33,34,35,36,37,38,40,41,42,43,44,45,46,47,49,50,51,52,53,54,55,56}; return arr38;
				case 4 : byte[] arr39 = {0,1,2,3,4,5,6,7,8,9,10,11,12,13,14,15,16,17,18,19,20,21,22,23,24,25,26,27,28,29,30,31,32,33,34,35,36,37,38,39,40,41,42,43,44,45,46,47,48,49,50,51,52,53,54,55,56}; return arr39;
			}
		case 3:
			switch(bottomOffset){
				case 0 : byte[] arr40 = {2,3,4,8,9,10,11,16,17,18,19,20,25,26,27,28,29,34,35,36,37,38,43,44,45,46,47,52,53,54,55,56,60,61,62,63}; return arr40;
				case 1 : byte[] arr41 = {1,2,3,4,7,8,9,10,11,15,16,17,18,19,20,24,25,26,27,28,29,33,34,35,36,37,38,42,43,44,45,46,47,51,52,53,54,55,56,59,60,61,62,63}; return arr41;
				case 2 : byte[] arr42 = {0,1,2,3,4,6,7,8,9,10,11,14,15,16,17,18,19,20,23,24,25,26,27,28,29,32,33,34,35,36,37,38,41,42,43,44,45,46,47,50,51,52,53,54,55,56,58,59,60,61,62,63}; return arr42;
				case 3 : byte[] arr43 = {0,1,2,3,4,5,6,7,8,9,10,11,13,14,15,16,17,18,19,20,22,23,24,25,26,27,28,29,31,32,33,34,35,36,37,38,40,41,42,43,44,45,46,47,49,50,51,52,53,54,55,56,57,58,59,60,61,62,63}; return arr43;
				case 4 : byte[] arr44 = {0,1,2,3,4,5,6,7,8,9,10,11,12,13,14,15,16,17,18,19,20,21,22,23,24,25,26,27,28,29,30,31,32,33,34,35,36,37,38,39,40,41,42,43,44,45,46,47,48,49,50,51,52,53,54,55,56,57,58,59,60,61,62,63}; return arr44;
			}
		case 4:
			switch(bottomOffset){
				case 0 : byte[] arr45 = {2,3,4,8,9,10,11,16,17,18,19,20,25,26,27,28,29,34,35,36,37,38,43,44,45,46,47,52,53,54,55,56,60,61,62,63,66,67,68}; return arr45;
				case 1 : byte[] arr46 = {1,2,3,4,7,8,9,10,11,15,16,17,18,19,20,24,25,26,27,28,29,33,34,35,36,37,38,42,43,44,45,46,47,51,52,53,54,55,56,59,60,61,62,63,65,66,67,68}; return arr46;
				case 2 : byte[] arr47 = {0,1,2,3,4,6,7,8,9,10,11,14,15,16,17,18,19,20,23,24,25,26,27,28,29,32,33,34,35,36,37,38,41,42,43,44,45,46,47,50,51,52,53,54,55,56,58,59,60,61,62,63,64,65,66,67,68}; return arr47;
				case 3 : byte[] arr48 = {0,1,2,3,4,5,6,7,8,9,10,11,13,14,15,16,17,18,19,20,22,23,24,25,26,27,28,29,31,32,33,34,35,36,37,38,40,41,42,43,44,45,46,47,49,50,51,52,53,54,55,56,57,58,59,60,61,62,63,64,65,66,67,68}; return arr48;
				case 4 : byte[] arr49 = {0,1,2,3,4,5,6,7,8,9,10,11,12,13,14,15,16,17,18,19,20,21,22,23,24,25,26,27,28,29,30,31,32,33,34,35,36,37,38,39,40,41,42,43,44,45,46,47,48,49,50,51,52,53,54,55,56,57,58,59,60,61,62,63,64,65,66,67,68}; return arr49;
			}
		}

	switch(leftOffset){
		case 0:
			switch(topOffset){
				case 0 : byte[] arr50 = {30,31,32,33,34,39,40,41,42,43,48,49,50,51,52,57,58,59,60,64,65,66}; return arr50;
				case 1 : byte[] arr51 = {30,31,32,33,34,35,39,40,41,42,43,44,48,49,50,51,52,53,57,58,59,60,61,64,65,66,67}; return arr51;
				case 2 : byte[] arr52 = {30,31,32,33,34,35,36,39,40,41,42,43,44,45,48,49,50,51,52,53,54,57,58,59,60,61,62,64,65,66,67,68}; return arr52;
				case 3 : byte[] arr53 = {30,31,32,33,34,35,36,37,39,40,41,42,43,44,45,46,48,49,50,51,52,53,54,55,57,58,59,60,61,62,63,64,65,66,67,68}; return arr53;
				case 4 : byte[] arr54 = {30,31,32,33,34,35,36,37,38,39,40,41,42,43,44,45,46,47,48,49,50,51,52,53,54,55,56,57,58,59,60,61,62,63,64,65,66,67,68}; return arr54;
			}
		case 1:
			switch(topOffset){
				case 0 : byte[] arr55 = {21,22,23,24,25,30,31,32,33,34,39,40,41,42,43,48,49,50,51,52,57,58,59,60,64,65,66}; return arr55;
				case 1 : byte[] arr56 = {21,22,23,24,25,26,30,31,32,33,34,35,39,40,41,42,43,44,48,49,50,51,52,53,57,58,59,60,61,64,65,66,67}; return arr56;
				case 2 : byte[] arr57 = {21,22,23,24,25,26,27,30,31,32,33,34,35,36,39,40,41,42,43,44,45,48,49,50,51,52,53,54,57,58,59,60,61,62,64,65,66,67,68}; return arr57;
				case 3 : byte[] arr58 = {21,22,23,24,25,26,27,28,30,31,32,33,34,35,36,37,39,40,41,42,43,44,45,46,48,49,50,51,52,53,54,55,57,58,59,60,61,62,63,64,65,66,67,68}; return arr58;
				case 4 : byte[] arr59 = {21,22,23,24,25,26,27,28,29,30,31,32,33,34,35,36,37,38,39,40,41,42,43,44,45,46,47,48,49,50,51,52,53,54,55,56,57,58,59,60,61,62,63,64,65,66,67,68}; return arr59;
			}
		case 2:
			switch(topOffset){
				case 0 : byte[] arr60 = {12,13,14,15,16,21,22,23,24,25,30,31,32,33,34,39,40,41,42,43,48,49,50,51,52,57,58,59,60,64,65,66}; return arr60;
				case 1 : byte[] arr61 = {12,13,14,15,16,17,21,22,23,24,25,26,30,31,32,33,34,35,39,40,41,42,43,44,48,49,50,51,52,53,57,58,59,60,61,64,65,66,67}; return arr61;
				case 2 : byte[] arr62 = {12,13,14,15,16,17,18,21,22,23,24,25,26,27,30,31,32,33,34,35,36,39,40,41,42,43,44,45,48,49,50,51,52,53,54,57,58,59,60,61,62,64,65,66,67,68}; return arr62;
				case 3 : byte[] arr63 = {12,13,14,15,16,17,18,19,21,22,23,24,25,26,27,28,30,31,32,33,34,35,36,37,39,40,41,42,43,44,45,46,48,49,50,51,52,53,54,55,57,58,59,60,61,62,63,64,65,66,67,68}; return arr63;
				case 4 : byte[] arr64 = {12,13,14,15,16,17,18,19,20,21,22,23,24,25,26,27,28,29,30,31,32,33,34,35,36,37,38,39,40,41,42,43,44,45,46,47,48,49,50,51,52,53,54,55,56,57,58,59,60,61,62,63,64,65,66,67,68}; return arr64;
			}
		case 3:
			switch(topOffset){
				case 0 : byte[] arr65 = {5,6,7,8,12,13,14,15,16,21,22,23,24,25,30,31,32,33,34,39,40,41,42,43,48,49,50,51,52,57,58,59,60,64,65,66}; return arr65;
				case 1 : byte[] arr66 = {5,6,7,8,9,12,13,14,15,16,17,21,22,23,24,25,26,30,31,32,33,34,35,39,40,41,42,43,44,48,49,50,51,52,53,57,58,59,60,61,64,65,66,67}; return arr66;
				case 2 : byte[] arr67 = {5,6,7,8,9,10,12,13,14,15,16,17,18,21,22,23,24,25,26,27,30,31,32,33,34,35,36,39,40,41,42,43,44,45,48,49,50,51,52,53,54,57,58,59,60,61,62,64,65,66,67,68}; return arr67;
				case 3 : byte[] arr68 = {5,6,7,8,9,10,11,12,13,14,15,16,17,18,19,21,22,23,24,25,26,27,28,30,31,32,33,34,35,36,37,39,40,41,42,43,44,45,46,48,49,50,51,52,53,54,55,57,58,59,60,61,62,63,64,65,66,67,68}; return arr68;
				case 4 : byte[] arr69 = {5,6,7,8,9,10,11,12,13,14,15,16,17,18,19,20,21,22,23,24,25,26,27,28,29,30,31,32,33,34,35,36,37,38,39,40,41,42,43,44,45,46,47,48,49,50,51,52,53,54,55,56,57,58,59,60,61,62,63,64,65,66,67,68}; return arr69;
			}
		case 4:
			switch(topOffset){
				case 0 : byte[] arr70 = {0,1,2,5,6,7,8,12,13,14,15,16,21,22,23,24,25,30,31,32,33,34,39,40,41,42,43,48,49,50,51,52,57,58,59,60,64,65,66}; return arr70;
				case 1 : byte[] arr71 = {0,1,2,3,5,6,7,8,9,12,13,14,15,16,17,21,22,23,24,25,26,30,31,32,33,34,35,39,40,41,42,43,44,48,49,50,51,52,53,57,58,59,60,61,64,65,66,67}; return arr71;
				case 2 : byte[] arr72 = {0,1,2,3,4,5,6,7,8,9,10,12,13,14,15,16,17,18,21,22,23,24,25,26,27,30,31,32,33,34,35,36,39,40,41,42,43,44,45,48,49,50,51,52,53,54,57,58,59,60,61,62,64,65,66,67,68}; return arr72;
				case 3 : byte[] arr73 = {0,1,2,3,4,5,6,7,8,9,10,11,12,13,14,15,16,17,18,19,21,22,23,24,25,26,27,28,30,31,32,33,34,35,36,37,39,40,41,42,43,44,45,46,48,49,50,51,52,53,54,55,57,58,59,60,61,62,63,64,65,66,67,68}; return arr73;
				case 4 : byte[] arr74 = {0,1,2,3,4,5,6,7,8,9,10,11,12,13,14,15,16,17,18,19,20,21,22,23,24,25,26,27,28,29,30,31,32,33,34,35,36,37,38,39,40,41,42,43,44,45,46,47,48,49,50,51,52,53,54,55,56,57,58,59,60,61,62,63,64,65,66,67,68}; return arr74;
			}
		}

	switch(rightOffset){
		case 0:
			switch(topOffset){
				case 0 : byte[] arr75 = {0,1,2,5,6,7,8,12,13,14,15,16,21,22,23,24,25,30,31,32,33,34}; return arr75;
				case 1 : byte[] arr76 = {0,1,2,3,5,6,7,8,9,12,13,14,15,16,17,21,22,23,24,25,26,30,31,32,33,34,35}; return arr76;
				case 2 : byte[] arr77 = {0,1,2,3,4,5,6,7,8,9,10,12,13,14,15,16,17,18,21,22,23,24,25,26,27,30,31,32,33,34,35,36}; return arr77;
				case 3 : byte[] arr78 = {0,1,2,3,4,5,6,7,8,9,10,11,12,13,14,15,16,17,18,19,21,22,23,24,25,26,27,28,30,31,32,33,34,35,36,37}; return arr78;
				case 4 : byte[] arr79 = {0,1,2,3,4,5,6,7,8,9,10,11,12,13,14,15,16,17,18,19,20,21,22,23,24,25,26,27,28,29,30,31,32,33,34,35,36,37,38}; return arr79;
			}
		case 1:
			switch(topOffset){
				case 0 : byte[] arr80 = {0,1,2,5,6,7,8,12,13,14,15,16,21,22,23,24,25,30,31,32,33,34,39,40,41,42,43}; return arr80;
				case 1 : byte[] arr81 = {0,1,2,3,5,6,7,8,9,12,13,14,15,16,17,21,22,23,24,25,26,30,31,32,33,34,35,39,40,41,42,43,44}; return arr81;
				case 2 : byte[] arr82 = {0,1,2,3,4,5,6,7,8,9,10,12,13,14,15,16,17,18,21,22,23,24,25,26,27,30,31,32,33,34,35,36,39,40,41,42,43,44,45}; return arr82;
				case 3 : byte[] arr83 = {0,1,2,3,4,5,6,7,8,9,10,11,12,13,14,15,16,17,18,19,21,22,23,24,25,26,27,28,30,31,32,33,34,35,36,37,39,40,41,42,43,44,45,46}; return arr83;
				case 4 : byte[] arr84 = {0,1,2,3,4,5,6,7,8,9,10,11,12,13,14,15,16,17,18,19,20,21,22,23,24,25,26,27,28,29,30,31,32,33,34,35,36,37,38,39,40,41,42,43,44,45,46,47}; return arr84;
			}
		case 2:
			switch(topOffset){
				case 0 : byte[] arr85 = {0,1,2,5,6,7,8,12,13,14,15,16,21,22,23,24,25,30,31,32,33,34,39,40,41,42,43,48,49,50,51,52}; return arr85;
				case 1 : byte[] arr86 = {0,1,2,3,5,6,7,8,9,12,13,14,15,16,17,21,22,23,24,25,26,30,31,32,33,34,35,39,40,41,42,43,44,48,49,50,51,52,53}; return arr86;
				case 2 : byte[] arr87 = {0,1,2,3,4,5,6,7,8,9,10,12,13,14,15,16,17,18,21,22,23,24,25,26,27,30,31,32,33,34,35,36,39,40,41,42,43,44,45,48,49,50,51,52,53,54}; return arr87;
				case 3 : byte[] arr88 = {0,1,2,3,4,5,6,7,8,9,10,11,12,13,14,15,16,17,18,19,21,22,23,24,25,26,27,28,30,31,32,33,34,35,36,37,39,40,41,42,43,44,45,46,48,49,50,51,52,53,54,55}; return arr88;
				case 4 : byte[] arr89 = {0,1,2,3,4,5,6,7,8,9,10,11,12,13,14,15,16,17,18,19,20,21,22,23,24,25,26,27,28,29,30,31,32,33,34,35,36,37,38,39,40,41,42,43,44,45,46,47,48,49,50,51,52,53,54,55,56}; return arr89;
			}
		case 3:
			switch(topOffset){
				case 0 : byte[] arr90 = {0,1,2,5,6,7,8,12,13,14,15,16,21,22,23,24,25,30,31,32,33,34,39,40,41,42,43,48,49,50,51,52,57,58,59,60}; return arr90;
				case 1 : byte[] arr91 = {0,1,2,3,5,6,7,8,9,12,13,14,15,16,17,21,22,23,24,25,26,30,31,32,33,34,35,39,40,41,42,43,44,48,49,50,51,52,53,57,58,59,60,61}; return arr91;
				case 2 : byte[] arr92 = {0,1,2,3,4,5,6,7,8,9,10,12,13,14,15,16,17,18,21,22,23,24,25,26,27,30,31,32,33,34,35,36,39,40,41,42,43,44,45,48,49,50,51,52,53,54,57,58,59,60,61,62}; return arr92;
				case 3 : byte[] arr93 = {0,1,2,3,4,5,6,7,8,9,10,11,12,13,14,15,16,17,18,19,21,22,23,24,25,26,27,28,30,31,32,33,34,35,36,37,39,40,41,42,43,44,45,46,48,49,50,51,52,53,54,55,57,58,59,60,61,62,63}; return arr93;
				case 4 : byte[] arr94 = {0,1,2,3,4,5,6,7,8,9,10,11,12,13,14,15,16,17,18,19,20,21,22,23,24,25,26,27,28,29,30,31,32,33,34,35,36,37,38,39,40,41,42,43,44,45,46,47,48,49,50,51,52,53,54,55,56,57,58,59,60,61,62,63}; return arr94;
			}
		case 4:
			switch(topOffset){
				case 0 : byte[] arr95 = {0,1,2,5,6,7,8,12,13,14,15,16,21,22,23,24,25,30,31,32,33,34,39,40,41,42,43,48,49,50,51,52,57,58,59,60,64,65,66}; return arr95;
				case 1 : byte[] arr96 = {0,1,2,3,5,6,7,8,9,12,13,14,15,16,17,21,22,23,24,25,26,30,31,32,33,34,35,39,40,41,42,43,44,48,49,50,51,52,53,57,58,59,60,61,64,65,66,67}; return arr96;
				case 2 : byte[] arr97 = {0,1,2,3,4,5,6,7,8,9,10,12,13,14,15,16,17,18,21,22,23,24,25,26,27,30,31,32,33,34,35,36,39,40,41,42,43,44,45,48,49,50,51,52,53,54,57,58,59,60,61,62,64,65,66,67,68}; return arr97;
				case 3 : byte[] arr98 = {0,1,2,3,4,5,6,7,8,9,10,11,12,13,14,15,16,17,18,19,21,22,23,24,25,26,27,28,30,31,32,33,34,35,36,37,39,40,41,42,43,44,45,46,48,49,50,51,52,53,54,55,57,58,59,60,61,62,63,64,65,66,67,68}; return arr98;
				case 4 : byte[] arr99 = {0,1,2,3,4,5,6,7,8,9,10,11,12,13,14,15,16,17,18,19,20,21,22,23,24,25,26,27,28,29,30,31,32,33,34,35,36,37,38,39,40,41,42,43,44,45,46,47,48,49,50,51,52,53,54,55,56,57,58,59,60,61,62,63,64,65,66,67,68}; return arr99;
			}
		}

}

